['Training data', '3', '4', '5', '6', '7', '8', '9', '10', '11', '12']
Random Forest (accuracy): [0.95104, 0.88756, 0.91248, 0.87512, 0.8334, 0.811, 0.85644, 0.81344, 0.83756, 0.88756, 0.85496]
QDA (accuracy): [0.67218, 0.60864, 0.62916, 0.62416, 0.62264, 0.60212, 0.58432, 0.69612, 0.60248, 0.54628, 0.5488]
LightGBM (accuracy): [0.96702, 0.92112, 0.92936, 0.92768, 0.91076, 0.93432, 0.919, 0.905, 0.85628, 0.92248, 0.9058]
Random Forest (auc): [0.9509487313471237, 0.8864429352304779, 0.9130130299056464, 0.8723652552613407, 0.8375868529101154, 0.8140174719459684, 0.8529705309350416, 0.8286822749479075, 0.8480769139398401, 0.8876076320837571, 0.855099473687296]
QDA (auc): [0.6349621460212486, 0.6180435907762788, 0.6189133742575121, 0.6334734724330748, 0.6104400769662395, 0.5951043385164063, 0.5972516423779877, 0.6478416420455178, 0.5214045164010498, 0.5450907609571322, 0.5479981267794884]
LightGBM (auc): [0.9669590081264394, 0.9207604891373111, 0.9293935123742288, 0.9265138933177779, 0.9124045062849163, 0.9349738518459151, 0.9174378154711308, 0.9109270368348739, 0.8709736143817572, 0.9225200359878967, 0.9058415682254368]
Random Forest (recall): [0.9518417710034477, 0.8477634071999341, 0.8970349152279942, 0.7845226296663363, 0.732071406586642, 0.6727500587452024, 0.7648234510326449, 0.7426260704091342, 0.8129079935952703, 0.8767821585025886, 0.8092199712872866]
QDA (recall): [0.999129014697877, 0.9436526896778977, 0.9260664240922815, 0.9304592005285761, 0.9178978147122191, 0.9235529098456959, 0.9257994670219853, 0.9204159304064157, 0.7925237098164799, 0.8153723616089208, 0.8117722124740788]
LightGBM (recall): [0.9675557974959172, 0.9083120520635967, 0.9283889448014245, 0.8893293690122234, 0.8709602954755309, 0.9043628103704864, 0.8777481678880746, 0.877463640070681, 0.8218376647370366, 0.91342094782955, 0.8921678098580316]
Random Forest (precision): [0.9590112984021354, 0.914430424737871, 0.9310566492567296, 0.9487614862165401, 0.9330195155437874, 0.9401269702276708, 0.9231078500351794, 0.9257031514740766, 0.9280742459396751, 0.8970013037809648, 0.8915641476274165]
QDA (precision): [0.6271584126839491, 0.557285332036001, 0.5899003846533188, 0.5684157416750757, 0.5877512810405991, 0.5679125325113188, 0.5391890581045689, 0.6782012118784115, 0.6620537092293446, 0.5314609074862423, 0.5329353859042831]
LightGBM (precision): [0.9724613364458711, 0.9277240218763146, 0.934465830281306, 0.9583481666073336, 0.9533395098121789, 0.964819921450656, 0.949806253942507, 0.9575762070755767, 0.9501601993592026, 0.9309197175095381, 0.9177126917712691]
