['Training data', '3', '4', '5', '6', '7', '8', '9', '10', '11', '12']
Nearest Neighbors (accuracy): [0.91418, 0.78704, 0.6874, 0.67888, 0.66028, 0.69736, 0.67252, 0.65368, 0.63296, 0.70756, 0.68108]
Decision Tree (accuracy): [0.94892, 0.86436, 0.88636, 0.86568, 0.84612, 0.86292, 0.83828, 0.80516, 0.83532, 0.85992, 0.83016]
Random Forest (accuracy): [0.95088, 0.8874, 0.91284, 0.87664, 0.84504, 0.84748, 0.86388, 0.81812, 0.8386, 0.87956, 0.85492]
Neural Net (accuracy): [0.58556, 0.5372, 0.5556, 0.5576, 0.56884, 0.58468, 0.55504, 0.63256, 0.68, 0.56136, 0.56196]
QDA (accuracy): [0.67218, 0.60864, 0.62916, 0.62416, 0.62264, 0.60212, 0.58432, 0.69612, 0.60248, 0.54628, 0.5488]
LightGBM (accuracy): [0.96702, 0.92112, 0.92936, 0.92768, 0.91076, 0.93432, 0.919, 0.905, 0.85628, 0.92248, 0.9058]
Nearest Neighbors (auc): [0.9143090153761615, 0.7882796889429936, 0.6892252107691227, 0.6736970430875455, 0.6680790793137693, 0.7009914814830301, 0.6636372652222, 0.6845936804112984, 0.6661161738203794, 0.7080642201233016, 0.6816088143560187]
Decision Tree (auc): [0.9480586165605968, 0.8637623415815504, 0.8860343432057965, 0.8640410111868353, 0.8482316836216183, 0.8641131152631937, 0.8356716930092583, 0.8174790300121433, 0.842227761106272, 0.8599155279646215, 0.8302112052798748]
Random Forest (auc): [0.9506548457591794, 0.8863614208430444, 0.9133346902781299, 0.8739143755430622, 0.8487317349536406, 0.8497191688308914, 0.8607090603390842, 0.8326727088218372, 0.8488249598903146, 0.8796395098209101, 0.8550574060985242]
Neural Net (auc): [0.5391387136013722, 0.5498575230865034, 0.5405971513475243, 0.5705671400256314, 0.5515746956821307, 0.575779259056633, 0.5711492779444245, 0.5564988402505258, 0.5457952142433684, 0.5594513749786196, 0.5606466724722884]
QDA (auc): [0.6349621460212486, 0.6180435907762788, 0.6189133742575121, 0.6334734724330748, 0.6104400769662395, 0.5951043385164063, 0.5972516423779877, 0.6478416420455178, 0.5214045164010498, 0.5450907609571322, 0.5479981267794884]
LightGBM (auc): [0.9669590081264394, 0.9207604891373111, 0.9293935123742288, 0.9265138933177779, 0.9124045062849163, 0.9349738518459151, 0.9174378154711308, 0.9109270368348739, 0.8709736143817572, 0.9225200359878967, 0.9058415682254368]
Nearest Neighbors (recall): [0.9130466340047179, 0.8312052063596672, 0.6345126577378648, 0.5084241823587711, 0.47152970144659895, 0.5309783034385526, 0.43795802798134575, 0.5100584477368493, 0.5552407932011332, 0.593468737554759, 0.5076567235603765]
Decision Tree (recall): [0.9564870259481038, 0.8430677980064256, 0.8957962375164512, 0.8117773372976544, 0.7950138504155124, 0.8082556591211718, 0.7694037308461026, 0.7479271442163925, 0.8191279714250523, 0.860931899641577, 0.8133673632158239]
Random Forest (recall): [0.9528579205225912, 0.8503995386769915, 0.8985058450104514, 0.7870003303600925, 0.7556940597106802, 0.7448891673846636, 0.7801465689540307, 0.7505097186353133, 0.8146323438847148, 0.8615690959776982, 0.8098580315839847]
Neural Net (recall): [0.993358737071312, 0.9881374083532416, 0.9903228303785708, 0.9840601255368352, 0.9866882117574638, 0.9924806140831832, 0.9804297135243171, 0.9859317656653527, 0.9945806133760315, 0.9932297889287136, 0.9926623065879726]
QDA (recall): [0.999129014697877, 0.9436526896778977, 0.9260664240922815, 0.9304592005285761, 0.9178978147122191, 0.9235529098456959, 0.9257994670219853, 0.9204159304064157, 0.7925237098164799, 0.8153723616089208, 0.8117722124740788]
LightGBM (recall): [0.9675557974959172, 0.9083120520635967, 0.9283889448014245, 0.8893293690122234, 0.8709602954755309, 0.9043628103704864, 0.8777481678880746, 0.877463640070681, 0.8218376647370366, 0.91342094782955, 0.8921678098580316]
Nearest Neighbors (precision): [0.9299549050048052, 0.7549569771791994, 0.7259521700620017, 0.7478134110787172, 0.7904037146910873, 0.811176259423238, 0.7852769896968792, 0.838172883627429, 0.8218778486782133, 0.7714847794574446, 0.7795468462951622]
Decision Tree (precision): [0.9511024502904983, 0.8732081911262799, 0.88558089698454, 0.9010817748441511, 0.8972644376899696, 0.9133474951318817, 0.8788167031294588, 0.9044957672392537, 0.9185139147848905, 0.8602467170712296, 0.842531394580304]
Random Forest (precision): [0.9577937474920658, 0.9117647058823529, 0.9304152637485971, 0.9496711181981263, 0.9335551330798479, 0.9447645539439699, 0.9246866054683645, 0.9265039013340045, 0.9280853153722023, 0.8947063688999173, 0.8909362112836712]
Neural Net (precision): [0.5713093026653587, 0.5121472183083557, 0.5379989065062876, 0.5230006145202353, 0.5473131589056298, 0.5519208990330168, 0.5195040155326096, 0.6176871327599421, 0.6711827778239547, 0.53402423879063, 0.5340484874490453]
QDA (precision): [0.6271584126839491, 0.557285332036001, 0.5899003846533188, 0.5684157416750757, 0.5877512810405991, 0.5679125325113188, 0.5391890581045689, 0.6782012118784115, 0.6620537092293446, 0.5314609074862423, 0.5329353859042831]
LightGBM (precision): [0.9724613364458711, 0.9277240218763146, 0.934465830281306, 0.9583481666073336, 0.9533395098121789, 0.964819921450656, 0.949806253942507, 0.9575762070755767, 0.9501601993592026, 0.9309197175095381, 0.9177126917712691]
