['Training data', '3', '4', '5', '6', '7', '8', '9', '10', '11', '12']
Nearest Neighbors (accuracy): [0.87288, 0.78704, 0.6874, 0.67888, 0.66028, 0.69736, 0.67252, 0.65368, 0.63296, 0.70756, 0.68108]
Decision Tree (accuracy): [0.9071400000000001, 0.86324, 0.8138, 0.86784, 0.847, 0.86528, 0.83928, 0.80892, 0.8404, 0.86152, 0.83048]
Random Forest (accuracy): [0.92028, 0.88684, 0.91332, 0.896, 0.86292, 0.8754, 0.86388, 0.81352, 0.83416, 0.87948, 0.85428]
LightGBM (accuracy): [0.9480600000000001, 0.92112, 0.92936, 0.92768, 0.91076, 0.93432, 0.919, 0.905, 0.85628, 0.92248, 0.9058]
Nearest Neighbors (auc): [0.9370785736774401, 0.7882796889429936, 0.6892252107691227, 0.6736970430875455, 0.6680790793137693, 0.7009914814830301, 0.6636372652222, 0.6845936804112984, 0.6661161738203794, 0.7080642201233016, 0.6816088143560187]
Decision Tree (auc): [0.9309220975990289, 0.8626229080319848, 0.8157900826988187, 0.8662634080020942, 0.8489922539414121, 0.8663707629140311, 0.8367505099227773, 0.8206440097564687, 0.8450874361201933, 0.8615148549275913, 0.830532424248452]
Random Forest (auc): [0.9793264913946149, 0.885784767082438, 0.9138125532869024, 0.8939991006579425, 0.8658975401551283, 0.8770535601359906, 0.8607595193106073, 0.8284284100259294, 0.8453807786532104, 0.8795563402107465, 0.8544137521501318]
LightGBM (auc): [0.9895079384050796, 0.9207604891373111, 0.9293935123742288, 0.9265138933177779, 0.9124045062849163, 0.9349738518459151, 0.9174378154711308, 0.9109270368348739, 0.8709736143817572, 0.9225200359878967, 0.9058415682254368]
Nearest Neighbors (recall): [0.8776995382455439, 0.8312052063596672, 0.6345126577378648, 0.5084241823587711, 0.47152970144659895, 0.5309783034385526, 0.43795802798134575, 0.5100584477368493, 0.5552407932011332, 0.593468737554759, 0.5076567235603765]
Decision Tree (recall): [0.9171123224958446, 0.8412554576159486, 0.7561353255399861, 0.8159894284770399, 0.7987842413050169, 0.8153050834181875, 0.7724850099933378, 0.7544515427484029, 0.8294124892228107, 0.86268418956591, 0.8132876056787366]
Random Forest (recall): [0.92106798827307, 0.8492462311557789, 0.8990477665092513, 0.8301949124545754, 0.7908587257617729, 0.7996396960914859, 0.7814790139906729, 0.7442571700421368, 0.8078581106047543, 0.8622062923138192, 0.8104163343435955]
LightGBM (recall): [0.9494827191094698, 0.9083120520635967, 0.9283889448014245, 0.8893293690122234, 0.8709602954755309, 0.9043628103704864, 0.8777481678880746, 0.877463640070681, 0.8218376647370366, 0.91342094782955, 0.8921678098580316]
Nearest Neighbors (precision): [0.8901868448201824, 0.7549569771791994, 0.7259521700620017, 0.7478134110787172, 0.7904037146910873, 0.811176259423238, 0.7852769896968792, 0.838172883627429, 0.8218778486782133, 0.7714847794574446, 0.7795468462951622]
Decision Tree (precision): [0.9146564410160825, 0.8725222146274778, 0.8664833215046132, 0.9017889740781307, 0.8956086618928479, 0.9115509238987652, 0.8782427570535883, 0.9050958010599266, 0.9169389978213508, 0.861723287453258, 0.8431453613361998]
Random Forest (precision): [0.933401662978274, 0.9116554651574107, 0.9308271882013466, 0.9486598716496791, 0.9354691908619277, 0.9482630503436745, 0.9233494047033356, 0.9241350210970464, 0.927460407239819, 0.89403700033036, 0.8892097663428722]
LightGBM (precision): [0.9560325511440709, 0.9277240218763146, 0.934465830281306, 0.9583481666073336, 0.9533395098121789, 0.964819921450656, 0.949806253942507, 0.9575762070755767, 0.9501601993592026, 0.9309197175095381, 0.9177126917712691]
