['Training data', '3', '4', '5', '6', '7', '8', '9', '10', '11', '12']
Random Forest (accuracy): [0.9518, 0.88792, 0.9148, 0.8774, 0.85096, 0.86828, 0.86324, 0.81584, 0.84072, 0.88256, 0.85544]
Neural Net (accuracy): [0.65628, 0.65152, 0.55192, 0.57056, 0.56052, 0.54124, 0.57092, 0.49736, 0.54092, 0.62544, 0.58476]
QDA (accuracy): [0.67218, 0.60864, 0.62916, 0.62416, 0.62264, 0.60212, 0.58432, 0.69612, 0.60248, 0.54628, 0.5488]
LightGBM (accuracy): [0.96702, 0.92112, 0.92936, 0.92768, 0.91076, 0.93432, 0.919, 0.905, 0.85628, 0.92248, 0.9058]
Random Forest (auc): [0.9515515072449323, 0.8868806987490668, 0.9152768356715398, 0.8747366498083593, 0.8544226152583386, 0.8700739148756325, 0.8601153725923276, 0.8301506372682163, 0.8505357521544047, 0.8826253116260331, 0.8555789917188099]
Neural Net (auc): [0.6835612640330226, 0.6426619286092691, 0.5645792647921628, 0.558467381322775, 0.575398087269361, 0.5497810805981105, 0.5556037867201832, 0.5662187045179604, 0.6360915155044067, 0.6268340875079342, 0.5858365884674159]
QDA (auc): [0.6349621460212486, 0.6180435907762788, 0.6189133742575121, 0.6334734724330748, 0.6104400769662395, 0.5951043385164063, 0.5972516423779877, 0.6478416420455178, 0.5214045164010498, 0.5450907609571322, 0.5479981267794884]
LightGBM (auc): [0.9669590081264394, 0.9207604891373111, 0.9293935123742288, 0.9265138933177779, 0.9124045062849163, 0.9349738518459151, 0.9174378154711308, 0.9109270368348739, 0.8709736143817572, 0.9225200359878967, 0.9058415682254368]
Random Forest (recall): [0.9539829432045001, 0.8508938133289398, 0.9009832004335372, 0.7898083911463495, 0.7671591258848877, 0.786089136053889, 0.7807295136575616, 0.7493543563952698, 0.8177115408301515, 0.8677817602548785, 0.8098580315839847]
Neural Net (recall): [0.41662130284884774, 0.3359420051075047, 0.1851049005186963, 0.17286091840105716, 0.20044629116651277, 0.14991775671653482, 0.16647235176548966, 0.1774500475737393, 0.317834708707969, 0.30999601752289924, 0.23169564523847502]
QDA (recall): [0.999129014697877, 0.9436526896778977, 0.9260664240922815, 0.9304592005285761, 0.9178978147122191, 0.9235529098456959, 0.9257994670219853, 0.9204159304064157, 0.7925237098164799, 0.8153723616089208, 0.8117722124740788]
LightGBM (recall): [0.9675557974959172, 0.9083120520635967, 0.9283889448014245, 0.8893293690122234, 0.8709602954755309, 0.9043628103704864, 0.8777481678880746, 0.877463640070681, 0.8218376647370366, 0.91342094782955, 0.8921678098580316]
Random Forest (precision): [0.958365233876554, 0.9123752318699762, 0.9318600368324125, 0.9484280472081722, 0.9343955014058107, 0.9469711266276656, 0.9226454089164452, 0.923295930329928, 0.9285314685314685, 0.8951606277216334, 0.8919536191145467]
Neural Net (precision): [0.9117623699467874, 0.8623387608373864, 0.7795891750896642, 0.7437810945273632, 0.8138081849422055, 0.7565217391304347, 0.735737946264262, 0.8493819128171763, 0.9280704909188995, 0.8473764424123666, 0.7952367916780728]
QDA (precision): [0.6271584126839491, 0.557285332036001, 0.5899003846533188, 0.5684157416750757, 0.5877512810405991, 0.5679125325113188, 0.5391890581045689, 0.6782012118784115, 0.6620537092293446, 0.5314609074862423, 0.5329353859042831]
LightGBM (precision): [0.9724613364458711, 0.9277240218763146, 0.934465830281306, 0.9583481666073336, 0.9533395098121789, 0.964819921450656, 0.949806253942507, 0.9575762070755767, 0.9501601993592026, 0.9309197175095381, 0.9177126917712691]
