['Training data', '3', '4', '5', '6', '7', '8', '9', '10', '11', '12']
Random Forest (accuracy): [0.95046, 0.8878, 0.91292, 0.87648, 0.8466, 0.86992, 0.862, 0.81836, 0.83336, 0.87928, 0.85664]
Neural Net (accuracy): [0.58588, 0.53632, 0.55904, 0.573, 0.57112, 0.5964, 0.56184, 0.63424, 0.6808, 0.56152, 0.56076]
QDA (accuracy): [0.67218, 0.60864, 0.62916, 0.62416, 0.62264, 0.60212, 0.58432, 0.69612, 0.60248, 0.54628, 0.5488]
LightGBM (accuracy): [0.96702, 0.92112, 0.92936, 0.92768, 0.91076, 0.93432, 0.919, 0.905, 0.85628, 0.92248, 0.9058]
Random Forest (auc): [0.9502531339435388, 0.8867131958425305, 0.9134388253689893, 0.8738370899365633, 0.8501908643563874, 0.8716932937165809, 0.8587961832915987, 0.8328180822020194, 0.8446073034981054, 0.8793529922739304, 0.856771706741405]
Neural Net (auc): [0.5394868781241058, 0.5489744761773434, 0.5441612137555119, 0.5854511665155292, 0.5540538246766826, 0.5877858346519456, 0.5776444603433507, 0.5587013639091483, 0.547645867132926, 0.5596215862739102, 0.5594427701463046]
QDA (auc): [0.6349621460212486, 0.6180435907762788, 0.6189133742575121, 0.6334734724330748, 0.6104400769662395, 0.5951043385164063, 0.5972516423779877, 0.6478416420455178, 0.5214045164010498, 0.5450907609571322, 0.5479981267794884]
LightGBM (auc): [0.9669590081264394, 0.9207604891373111, 0.9293935123742288, 0.9265138933177779, 0.9124045062849163, 0.9349738518459151, 0.9174378154711308, 0.9109270368348739, 0.8709736143817572, 0.9225200359878967, 0.9058415682254368]
Random Forest (recall): [0.9522772636545092, 0.8490814729384628, 0.8978865061546799, 0.7895606210769739, 0.7596952908587258, 0.7886739249627948, 0.777398401065956, 0.7511893434823977, 0.806995935460032, 0.8627638391079251, 0.8134471207529111]
Neural Net (recall): [0.9934313191798222, 0.9871488590493451, 0.990167995664628, 0.9824909150974562, 0.9841489689135119, 0.99107072922378, 0.979180546302465, 0.9851841783335599, 0.9929178470254958, 0.9910792512943051, 0.9927420641250598]
QDA (recall): [0.999129014697877, 0.9436526896778977, 0.9260664240922815, 0.9304592005285761, 0.9178978147122191, 0.9235529098456959, 0.9257994670219853, 0.9204159304064157, 0.7925237098164799, 0.8153723616089208, 0.8117722124740788]
LightGBM (recall): [0.9675557974959172, 0.9083120520635967, 0.9283889448014245, 0.8893293690122234, 0.8709602954755309, 0.9043628103704864, 0.8777481678880746, 0.877463640070681, 0.8218376647370366, 0.91342094782955, 0.8921678098580316]
Random Forest (precision): [0.9575943361798409, 0.9137411347517731, 0.9311175337186898, 0.9465346534653465, 0.9327350023618328, 0.9478490068718818, 0.9231606012658228, 0.9262549233218805, 0.9269949066213922, 0.8932134905582584, 0.891209367354072]
Neural Net (precision): [0.5714941856823733, 0.5116785516033989, 0.5399586270950311, 0.5320452614159846, 0.5487857204153437, 0.5591497635777101, 0.5234618466743834, 0.6189053027068568, 0.6721277305319326, 0.5341948224788563, 0.5333590435788662]
QDA (precision): [0.6271584126839491, 0.557285332036001, 0.5899003846533188, 0.5684157416750757, 0.5877512810405991, 0.5679125325113188, 0.5391890581045689, 0.6782012118784115, 0.6620537092293446, 0.5314609074862423, 0.5329353859042831]
LightGBM (precision): [0.9724613364458711, 0.9277240218763146, 0.934465830281306, 0.9583481666073336, 0.9533395098121789, 0.964819921450656, 0.949806253942507, 0.9575762070755767, 0.9501601993592026, 0.9309197175095381, 0.9177126917712691]
