['Training data', '3', '4', '5', '6', '7', '8', '9', '10', '11', '12']
Random Forest (accuracy): [0.9516, 0.88824, 0.91232, 0.88356, 0.86304, 0.87912, 0.86208, 0.8142, 0.84648, 0.88004, 0.85468]
Neural Net (accuracy): [0.61004, 0.5686, 0.57908, 0.55624, 0.5838, 0.60668, 0.55524, 0.65844, 0.71852, 0.609, 0.58508]
QDA (accuracy): [0.67218, 0.60864, 0.62916, 0.62416, 0.62264, 0.60212, 0.58432, 0.69612, 0.60248, 0.54628, 0.5488]
LightGBM (accuracy): [0.96702, 0.92112, 0.92936, 0.92768, 0.91076, 0.93432, 0.919, 0.905, 0.85628, 0.92248, 0.9058]
Random Forest (auc): [0.9513783142720411, 0.8871732179259734, 0.9128020879505383, 0.8811161717466578, 0.8659843456305577, 0.8807026010094295, 0.858929920077912, 0.8290353481829226, 0.8545757063407897, 0.880112478977593, 0.8548186198917576]
Neural Net (auc): [0.5675249068480427, 0.579897493255799, 0.5652054176311454, 0.5684900893509762, 0.5681289139385055, 0.5985227109474607, 0.5704839015369064, 0.5901290047683685, 0.6055825847649292, 0.6073353580125311, 0.583879245578436]
QDA (auc): [0.6349621460212486, 0.6180435907762788, 0.6189133742575121, 0.6334734724330748, 0.6104400769662395, 0.5951043385164063, 0.5972516423779877, 0.6478416420455178, 0.5214045164010498, 0.5450907609571322, 0.5479981267794884]
LightGBM (auc): [0.9669590081264394, 0.9207604891373111, 0.9293935123742288, 0.9265138933177779, 0.9124045062849163, 0.9349738518459151, 0.9174378154711308, 0.9109270368348739, 0.8709736143817572, 0.9225200359878967, 0.9058415682254368]
Random Forest (recall): [0.9535474505534386, 0.8502347804596754, 0.8983510102965084, 0.8031879748926329, 0.7917820867959372, 0.8066107934518681, 0.7788974017321786, 0.7452766073127634, 0.82750338711664, 0.8636399840700916, 0.8092199712872866]
Neural Net (recall): [0.9835238613681727, 0.9710849328610265, 0.9811101648989703, 0.9591179385530227, 0.9630655586334257, 0.980418265841623, 0.957778147901399, 0.975805355443795, 0.9832491686168248, 0.985663082437276, 0.9788642526718775]
QDA (recall): [0.999129014697877, 0.9436526896778977, 0.9260664240922815, 0.9304592005285761, 0.9178978147122191, 0.9235529098456959, 0.9257994670219853, 0.9204159304064157, 0.7925237098164799, 0.8153723616089208, 0.8117722124740788]
LightGBM (recall): [0.9675557974959172, 0.9083120520635967, 0.9283889448014245, 0.8893293690122234, 0.8709602954755309, 0.9043628103704864, 0.8777481678880746, 0.877463640070681, 0.8218376647370366, 0.91342094782955, 0.8921678098580316]
Random Forest (precision): [0.9584169250410359, 0.9136053819598123, 0.9295842345590002, 0.9485028772066713, 0.9347747093023255, 0.9490369551193438, 0.9218411196530653, 0.9243867487144904, 0.9283542904518447, 0.8938994229183842, 0.8910160709581101]
Neural Net (precision): [0.58730089933904, 0.5304653046530465, 0.5521523178807947, 0.5228254997298758, 0.5577291564547034, 0.5663800904977375, 0.5201012978790757, 0.6369726276562708, 0.7023888082354494, 0.5632680928538917, 0.5483669183682588]
QDA (precision): [0.6271584126839491, 0.557285332036001, 0.5899003846533188, 0.5684157416750757, 0.5877512810405991, 0.5679125325113188, 0.5391890581045689, 0.6782012118784115, 0.6620537092293446, 0.5314609074862423, 0.5329353859042831]
LightGBM (precision): [0.9724613364458711, 0.9277240218763146, 0.934465830281306, 0.9583481666073336, 0.9533395098121789, 0.964819921450656, 0.949806253942507, 0.9575762070755767, 0.9501601993592026, 0.9309197175095381, 0.9177126917712691]
